
747950318
-871463985
-1513759135
-1314834763
131859424
-2101984243
-1221188638
1674845032
1962034704
-429401081
1844244332
-18744593
151685436
220729544
1562479004
1363647101
541587990
-396292729
1052496447
1414073494
1404176520
-1396474594
2001924967
224292322
-1945502417
864957668
1407134975
1796253320
-839858753
-1211125117
-630331255
-1194939502
-476128972
450977048
484737699
1089188204
-1604168510
706042222
248382347
-1686100714
1480463350
-50673849
1315415347
-1622639093
177260997
-794837439
1242319701
2026241517
-8645812
-727270328
605053520
44845924
200817226
-1551476718
-504625313
1894562114
-275538625
-265939320
-1023752312
-1394387788
-1133214124
-1473703713
-1273880899
-257978629
947625512
-830941545
-324188706
1244883872
-2020008096
-1171513210
749250772
-228112352
706244795
522926293
1695492173
